 501 502 504 508   0   0   0   0   0   0 503 501 506 510   0   0   0   0   0   0
 505 507 501 504   0   0   0   0   0   0 509 511 505 501   0   0   0   0   0   0
   0   0   0   0 501   0   0   0   0   0   0   0   0   0   0 501   0   0   0   0
   0   0   0   0   0   0 501   0   0   0   0   0   0   0   0   0   0 501   0   0
   0   0   0   0   0   0   0   0 501   0   0   0   0   0   0   0   0   0   0 501
 501 502   0   0   0   0   0   0   0   0 503 501   0   0   0   0   0   0   0   0
   0   0 501   0   0   0   0   0   0   0   0   0   0 501   0   0   0   0   0   0
   0   0   0   0 501   0   0   0   0   0   0   0   0   0   0 501   0   0   0   0
   0   0   0   0   0   0 501   0   0   0   0   0   0   0   0   0   0 501   0   0
   0   0   0   0   0   0   0   0 501   0   0   0   0   0   0   0   0   0   0 501
 501 504   0   0   0   0   0   0   0   0 505 501   0   0   0   0   0   0   0   0
   0   0 501   0   0   0   0   0   0   0   0   0   0 501   0   0   0   0   0   0
   0   0   0   0 501   0   0   0   0   0   0   0   0   0   0 501   0   0   0   0
   0   0   0   0   0   0 501   0   0   0   0   0   0   0   0   0   0 501   0   0
   0   0   0   0   0   0   0   0 501   0   0   0   0   0   0   0   0   0   0 501
 501 512 514   0   0   0   0   0   0   0 513 501 516   0   0   0   0   0   0   0
 515 517 501   0   0   0   0   0   0   0   0   0   0 501   0   0   0   0   0   0
   0   0   0   0 501   0   0   0   0   0   0   0   0   0   0 501   0   0   0   0
   0   0   0   0   0   0 501   0   0   0   0   0   0   0   0   0   0 501   0   0
   0   0   0   0   0   0   0   0 501   0   0   0   0   0   0   0   0   0   0 501
 501   1   9   0   0   0   0   0   0   0   2 501  11   0   0   0   0   0   0   0
  10  12 501   0   0   0   0   0   0   0   0   0   0 501   0   0   0   0   0   0
   0   0   0   0 501   0   0   0   0   0   0   0   0   0   0 501   0   0   0   0
   0   0   0   0   0   0 501   0   0   0   0   0   0   0   0   0   0 501   0   0
   0   0   0   0   0   0   0   0 501   0   0   0   0   0   0   0   0   0   0 501
 501 513 519 520 508   0   0   0   0   0 512 501 504 522 526   0   0   0   0   0
 518 505 501 524 528   0   0   0   0   0 521 523 525 501 506   0   0   0   0   0
 509 527 529 507 501   0   0   0   0   0   0   0   0   0   0 501   0   0   0   0
   0   0   0   0   0   0 501   0   0   0   0   0   0   0   0   0   0 501   0   0
   0   0   0   0   0   0   0   0 501   0   0   0   0   0   0   0   0   0   0 501
 501   0   0   0   0   0   0   0   0   0   0 501   0   0   0   0   0   0   0   0
   0   0 501   0   0   0   0   0   0   0   0   0   0 501   0   0   0   0   0   0
   0   0   0   0 501   0   0   0   0   0   0   0   0   0   0 501   0   0   0   0
   0   0   0   0   0   0 501   0   0   0   0   0   0   0   0   0   0 501   0   0
   0   0   0   0   0   0   0   0 501   0   0   0   0   0   0   0   0   0   0 501
 501 513   0   0   0   0   0   0   0   0 512 501   0   0   0   0   0   0   0   0
   0   0 501   0   0   0   0   0   0   0   0   0   0 501   0   0   0   0   0   0
   0   0   0   0 501   0   0   0   0   0   0   0   0   0   0 501   0   0   0   0
   0   0   0   0   0   0 501   0   0   0   0   0   0   0   0   0   0 501   0   0
   0   0   0   0   0   0   0   0 501   0   0   0   0   0   0   0   0   0   0 501
 501 513   0   0   0   0   0   0   0   0 512 501   0   0   0   0   0   0   0   0
   0   0 501   0   0   0   0   0   0   0   0   0   0 501   0   0   0   0   0   0
   0   0   0   0 501   0   0   0   0   0   0   0   0   0   0 501   0   0   0   0
   0   0   0   0   0   0 501   0   0   0   0   0   0   0   0   0   0 501   0   0
   0   0   0   0   0   0   0   0 501   0   0   0   0   0   0   0   0   0   0 501
 501 509   0   0   0   0   0   0   0   0 508 501   0   0   0   0   0   0   0   0
   0   0 501   0   0   0   0   0   0   0   0   0   0 501   0   0   0   0   0   0
   0   0   0   0 501   0   0   0   0   0   0   0   0   0   0 501   0   0   0   0
   0   0   0   0   0   0 501   0   0   0   0   0   0   0   0   0   0 501   0   0
   0   0   0   0   0   0   0   0 501   0   0   0   0   0   0   0   0   0   0 501
 501 513   0   0   0   0   0   0   0   0 512 501   0   0   0   0   0   0   0   0
   0   0 501   0   0   0   0   0   0   0   0   0   0 501   0   0   0   0   0   0
   0   0   0   0 501   0   0   0   0   0   0   0   0   0   0 501   0   0   0   0
   0   0   0   0   0   0 501   0   0   0   0   0   0   0   0   0   0 501   0   0
   0   0   0   0   0   0   0   0 501   0   0   0   0   0   0   0   0   0   0 501
 501   0   0   0   0   0   0   0   0   0   0 501   0   0   0   0   0   0   0   0
   0   0 501   0   0   0   0   0   0   0   0   0   0 501   0   0   0   0   0   0
   0   0   0   0 501   0   0   0   0   0   0   0   0   0   0 501   0   0   0   0
   0   0   0   0   0   0 501   0   0   0   0   0   0   0   0   0   0 501   0   0
   0   0   0   0   0   0   0   0 501   0   0   0   0   0   0   0   0   0   0 501
 501 513   0   0   0   0   0   0   0   0 512 501   0   0   0   0   0   0   0   0
   0   0 501   0   0   0   0   0   0   0   0   0   0 501   0   0   0   0   0   0
   0   0   0   0 501   0   0   0   0   0   0   0   0   0   0 501   0   0   0   0
   0   0   0   0   0   0 501   0   0   0   0   0   0   0   0   0   0 501   0   0
   0   0   0   0   0   0   0   0 501   0   0   0   0   0   0   0   0   0   0 501
 501 503 505 506  13   0   0   0   0   0 502 501 507 504  15   0   0   0   0   0
 504 506 501 510  17   0   0   0   0   0 507 505 511 501  19   0   0   0   0   0
  14  16  18  20 501   0   0   0   0   0   0   0   0   0   0 501   0   0   0   0
   0   0   0   0   0   0 501   0   0   0   0   0   0   0   0   0   0 501   0   0
   0   0   0   0   0   0   0   0 501   0   0   0   0   0   0   0   0   0   0 501
 501   3   5   0   0   0   0   0   0   0   4 501   7   0   0   0   0   0   0   0
   6   8 501   0   0   0   0   0   0   0   0   0   0 501   0   0   0   0   0   0
   0   0   0   0 501   0   0   0   0   0   0   0   0   0   0 501   0   0   0   0
   0   0   0   0   0   0 501   0   0   0   0   0   0   0   0   0   0 501   0   0
   0   0   0   0   0   0   0   0 501   0   0   0   0   0   0   0   0   0   0 501
 501 503 525 505   0   0   0   0   0   0 502 501 513 507   0   0   0   0   0   0
 524 512 501 530   0   0   0   0   0   0 504 506 531 501   0   0   0   0   0   0
   0   0   0   0 501   0   0   0   0   0   0   0   0   0   0 501   0   0   0   0
   0   0   0   0   0   0 501   0   0   0   0   0   0   0   0   0   0 501   0   0
   0   0   0   0   0   0   0   0 501   0   0   0   0   0   0   0   0   0   0 501
 501   3   5   0   0   0   0   0   0   0   4 501   7   0   0   0   0   0   0   0
   6   8 501   0   0   0   0   0   0   0   0   0   0 501   0   0   0   0   0   0
   0   0   0   0 501   0   0   0   0   0   0   0   0   0   0 501   0   0   0   0
   0   0   0   0   0   0 501   0   0   0   0   0   0   0   0   0   0 501   0   0
   0   0   0   0   0   0   0   0 501   0   0   0   0   0   0   0   0   0   0 501
 501   0   0   0   0   0   0   0   0   0   0 501   0   0   0   0   0   0   0   0
   0   0 501   0   0   0   0   0   0   0   0   0   0 501   0   0   0   0   0   0
   0   0   0   0 501   0   0   0   0   0   0   0   0   0   0 501   0   0   0   0
   0   0   0   0   0   0 501   0   0   0   0   0   0   0   0   0   0 501   0   0
   0   0   0   0   0   0   0   0 501   0   0   0   0   0   0   0   0   0   0 501
 501   0   0   0   0   0   0   0   0   0   0 501   0   0   0   0   0   0   0   0
   0   0 501   0   0   0   0   0   0   0   0   0   0 501   0   0   0   0   0   0
   0   0   0   0 501   0   0   0   0   0   0   0   0   0   0 501   0   0   0   0
   0   0   0   0   0   0 501   0   0   0   0   0   0   0   0   0   0 501   0   0
   0   0   0   0   0   0   0   0 501   0   0   0   0   0   0   0   0   0   0 501
 501   0   0   0   0   0   0   0   0   0   0 501   0   0   0   0   0   0   0   0
   0   0 501   0   0   0   0   0   0   0   0   0   0 501   0   0   0   0   0   0
   0   0   0   0 501   0   0   0   0   0   0   0   0   0   0 501   0   0   0   0
   0   0   0   0   0   0 501   0   0   0   0   0   0   0   0   0   0 501   0   0
   0   0   0   0   0   0   0   0 501   0   0   0   0   0   0   0   0   0   0 501
 501   0   0   0   0   0   0   0   0   0   0 501   0   0   0   0   0   0   0   0
   0   0 501   0   0   0   0   0   0   0   0   0   0 501   0   0   0   0   0   0
   0   0   0   0 501   0   0   0   0   0   0   0   0   0   0 501   0   0   0   0
   0   0   0   0   0   0 501   0   0   0   0   0   0   0   0   0   0 501   0   0
   0   0   0   0   0   0   0   0 501   0   0   0   0   0   0   0   0   0   0 501
 501 513   0   0   0   0   0   0   0   0 512 501   0   0   0   0   0   0   0   0
   0   0 501   0   0   0   0   0   0   0   0   0   0 501   0   0   0   0   0   0
   0   0   0   0 501   0   0   0   0   0   0   0   0   0   0 501   0   0   0   0
   0   0   0   0   0   0 501   0   0   0   0   0   0   0   0   0   0 501   0   0
   0   0   0   0   0   0   0   0 501   0   0   0   0   0   0   0   0   0   0 501
 501 532   0   0   0   0   0   0   0   0 533 501   0   0   0   0   0   0   0   0
   0   0 501   0   0   0   0   0   0   0   0   0   0 501   0   0   0   0   0   0
   0   0   0   0 501   0   0   0   0   0   0   0   0   0   0 501   0   0   0   0
   0   0   0   0   0   0 501   0   0   0   0   0   0   0   0   0   0 501   0   0
   0   0   0   0   0   0   0   0 501   0   0   0   0   0   0   0   0   0   0 501
 501   0   0   0   0   0   0   0   0   0   0 501   0   0   0   0   0   0   0   0
   0   0 501   0   0   0   0   0   0   0   0   0   0 501   0   0   0   0   0   0
   0   0   0   0 501   0   0   0   0   0   0   0   0   0   0 501   0   0   0   0
   0   0   0   0   0   0 501   0   0   0   0   0   0   0   0   0   0 501   0   0
   0   0   0   0   0   0   0   0 501   0   0   0   0   0   0   0   0   0   0 501
 501 503 505   0   0   0   0   0   0   0 502 501 507   0   0   0   0   0   0   0
 504 506 501   0   0   0   0   0   0   0   0   0   0 501   0   0   0   0   0   0
   0   0   0   0 501   0   0   0   0   0   0   0   0   0   0 501   0   0   0   0
   0   0   0   0   0   0 501   0   0   0   0   0   0   0   0   0   0 501   0   0
   0   0   0   0   0   0   0   0 501   0   0   0   0   0   0   0   0   0   0 501
 501 503 505   0   0   0   0   0   0   0 502 501 507   0   0   0   0   0   0   0
 504 506 501   0   0   0   0   0   0   0   0   0   0 501   0   0   0   0   0   0
   0   0   0   0 501   0   0   0   0   0   0   0   0   0   0 501   0   0   0   0
   0   0   0   0   0   0 501   0   0   0   0   0   0   0   0   0   0 501   0   0
   0   0   0   0   0   0   0   0 501   0   0   0   0   0   0   0   0   0   0 501
