  2.73150000E 02 -2.73150000E 02  4.60517019E 00 -4.60517019E 00  6.90775528E 00
 -6.90775528E 00 -2.30258509E 00  2.30258509E 00  2.55372222E 02 -4.59670000E 02
 -1.77777778E 01  3.20000000E 01  1.00000000E 05 -1.00000000E 03  1.00000000E 03
 -1.00000000E 03  1.00000000E 02 -1.00000000E 03  1.00000000E 06 -1.00000000E 03
  0.0             0.0             0.0             0.0             0.0           
  0.0             0.0             0.0             0.0             0.0           
  0.0             0.0             0.0             0.0             0.0           
  0.0             0.0             0.0             0.0             0.0           
  0.0             0.0             0.0             0.0             0.0           
  0.0             0.0             0.0             0.0             0.0           
  0.0             0.0             0.0             0.0             0.0           
  0.0             0.0             0.0             0.0             0.0           
  0.0             0.0             0.0             0.0             0.0           
  0.0             0.0             0.0             0.0             0.0           
  0.0             0.0             0.0             0.0             0.0           
  0.0             0.0             0.0             0.0             0.0           
  0.0             0.0             0.0             0.0             0.0           
  0.0             0.0             0.0             0.0             0.0           
  0.0             0.0             0.0             0.0             0.0           
  0.0             0.0             0.0             0.0             0.0           
  0.0             0.0             0.0             0.0             0.0           
  0.0             0.0             0.0             0.0             0.0           
  0.0             0.0             0.0             0.0             0.0           
  0.0             0.0             0.0             0.0             0.0           
  0.0             0.0             0.0             0.0             0.0           
  0.0             0.0             0.0             0.0             0.0           
  0.0             0.0             0.0             0.0             0.0           
  0.0             0.0             0.0             0.0             0.0           
  0.0             0.0             0.0             0.0             0.0           
  0.0             0.0             0.0             0.0             0.0           
  0.0             0.0             0.0             0.0             0.0           
  0.0             0.0             0.0             0.0             0.0           
  0.0             0.0             0.0             0.0             0.0           
  0.0             0.0             0.0             0.0             0.0           
  0.0             0.0             0.0             0.0             0.0           
  0.0             0.0             0.0             0.0             0.0           
  0.0             0.0             0.0             0.0             0.0           
  0.0             0.0             0.0             0.0             0.0           
  0.0             0.0             0.0             0.0             0.0           
  0.0             0.0             0.0             0.0             0.0           
  0.0             0.0             0.0             0.0             0.0           
  0.0             0.0             0.0             0.0             0.0           
  0.0             0.0             0.0             0.0             0.0           
  0.0             0.0             0.0             0.0             0.0           
  0.0             0.0             0.0             0.0             0.0           
  0.0             0.0             0.0             0.0             0.0           
  0.0             0.0             0.0             0.0             0.0           
  0.0             0.0             0.0             0.0             0.0           
  0.0             0.0             0.0             0.0             0.0           
  0.0             0.0             0.0             0.0             0.0           
  0.0             0.0             0.0             0.0             0.0           
  0.0             0.0             0.0             0.0             0.0           
  0.0             0.0             0.0             0.0             0.0           
  0.0             0.0             0.0             0.0             0.0           
  0.0             0.0             0.0             0.0             0.0           
  0.0             0.0             0.0             0.0             0.0           
  0.0             0.0             0.0             0.0             0.0           
  0.0             0.0             0.0             0.0             0.0           
  0.0             0.0             0.0             0.0             0.0           
  0.0             0.0             0.0             0.0             0.0           
  0.0             0.0             0.0             0.0             0.0           
  0.0             0.0             0.0             0.0             0.0           
  0.0             0.0             0.0             0.0             0.0           
  0.0             0.0             0.0             0.0             0.0           
  0.0             0.0             0.0             0.0             0.0           
  0.0             0.0             0.0             0.0             0.0           
  0.0             0.0             0.0             0.0             0.0           
  0.0             0.0             0.0             0.0             0.0           
  0.0             0.0             0.0             0.0             0.0           
  0.0             0.0             0.0             0.0             0.0           
  0.0             0.0             0.0             0.0             0.0           
  0.0             0.0             0.0             0.0             0.0           
  0.0             0.0             0.0             0.0             0.0           
  0.0             0.0             0.0             0.0             0.0           
  0.0             0.0             0.0             0.0             0.0           
  0.0             0.0             0.0             0.0             0.0           
  0.0             0.0             0.0             0.0             0.0           
  0.0             0.0             0.0             0.0             0.0           
  0.0             0.0             0.0             0.0             0.0           
  0.0             0.0             0.0             0.0             0.0           
  0.0             0.0             0.0             0.0             0.0           
  0.0             0.0             0.0             0.0             0.0           
  0.0             0.0             0.0             0.0             0.0           
  0.0             0.0             0.0             0.0             0.0           
  0.0             0.0             0.0             0.0             0.0           
  0.0             0.0             0.0             0.0             0.0           
  0.0             0.0             0.0             0.0             0.0           
  0.0             0.0             0.0             0.0             0.0           
  0.0             0.0             0.0             0.0             0.0           
  0.0             0.0             0.0             0.0             0.0           
  0.0             0.0             0.0             0.0             0.0           
  0.0             0.0             0.0             0.0             0.0           
  0.0             0.0             0.0             0.0             0.0           
  0.0             0.0             0.0             0.0             0.0           
  0.0             0.0             0.0             0.0             0.0           
  0.0             0.0             0.0             0.0             0.0           
  0.0             0.0             0.0             0.0             0.0           
  0.0             0.0             0.0             0.0             0.0           
  0.0             0.0             0.0             0.0             0.0           
  0.0             0.0             0.0             0.0             0.0           
