 360001 02 101000
           031002
 360002 02 101000
           031001
 360003 02 101000
           031001
 360004 02 101000
           031000
 361221 20 004001
           004002
           004003
           004004
           004005
           004006
           005002
           006002
           001007
           002019
           005043
           008012
           007024
           007025
           010001
           202127
           007002
           202000
           101020
           361182
 361222 20 004001
           004002
           004003
           004004
           004005
           004006
           005002
           006002
           001007
           002019
           005043
           008012
           007024
           007025
           010001
           202127
           007002
           202000
           101004
           361182
 361223 24 004001
           004002
           004003
           004004
           004005
           004006
           207002
           005002
           006002
           207000
           001007
           002019
           005043
           008012
           007024
           007025
           010001
           202127
           007002
           202000
           005022
           005021
           101015
           361171
 361225 24 004001
           004002
           004003
           004004
           004005
           004006
           207002
           005002
           006002
           207000
           001007
           002019
           005043
           008012
           007024
           007025
           010001
           202127
           007002
           202000
           005022
           005021
           101020
           361182
 361234 24 004001
           004002
           004003
           004004
           004005
           004006
           207002
           005002
           006002
           207000
           001007
           002019
           005043
           008012
           007024
           007025
           010001
           202127
           007002
           202000
           005022
           005021
           101005
           361171
 361245 24 004001
           004002
           004003
           004004
           004005
           004006
           207002
           005002
           006002
           207000
           001007
           002019
           005043
           008012
           007024
           007025
           010001
           202127
           007002
           202000
           005022
           005021
           101020
           361182
 361244 20 001007
           001031
           002020
           002028
           002029
           030021
           030022
           004001
           004002
           004003
           004004
           004005
           004006
           005002
           006002
           007024
           007025
           008012
           101006
           361191
 310200 24 301072
           030021
           030022
           007024
           005021
           007025
           005022
           010002
           304036
           002152
           002167
           101010
           304037
           101174
           362083
           001031
           001032
           101060
           362084
           001031
           001032
           008023
           101060
           362070
 310199 59 301072
           030021
           030022
           008012
           007024
           005021
           007025
           005022
           010002
           101010
           304032
           002152
           002024
           007004
           007004
           013003
           002152
           002024
           007004
           007004
           013003
           101010
           304033
           101161
           362083
           001031
           001032
           101030
           362084
           001031
           001032
           008033
           101030
           362084
           001031
           001032
           008033
           101030
           362084
           001031
           001032
           008033
           101030
           362084
           001031
           001032
           008033
           101030
           362084
           001031
           001032
           008023
           101010
           360237
           001031
           001032
           008023
           101010
           360237
 361246 21 004001
           004002
           004003
           004004
           004005
           202129
           201132
           004006
           201000
           202000
           005001
           006001
           001007
           201129
           005043
           201000
           007024
           007025
           020199
           101005
           350212
 361247 21 004001
           004002
           004003
           004004
           004005
           202129
           201132
           004006
           201000
           202000
           005001
           006001
           001007
           201129
           005043
           201000
           007024
           007025
           020199
           101005
           350212
 361248 21 004001
           004002
           004003
           004004
           004005
           202129
           201132
           004006
           201000
           202000
           005001
           006001
           001007
           201129
           005043
           201000
           007024
           007025
           020199
           101005
           350212
 361249 21 004001
           004002
           004003
           004004
           004005
           202129
           201132
           004006
           201000
           202000
           005001
           006001
           001007
           201129
           005043
           201000
           007024
           007025
           020199
           101005
           350212
 361227 24 004001
           004002
           004003
           004004
           004005
           004006
           207002
           005002
           006002
           207000
           001007
           002019
           005043
           008012
           007024
           007025
           010001
           202127
           007002
           202000
           005022
           005021
           101015
           361171
 350242 01 310025
 310060 43 001007
           001033
           002019
           002020
           301011
           301012
           207003
           004006
           207000
           304030
           301021
           007024
           005021
           007025
           005022
           008075
           201133
           005041
           201000
           005045
           005043
           005040
           010001
           201129
           007002
           201000
           202127
           201125
           021166
           201000
           202000
           008012
           020010
           020014
           002165
           033075
           101003
           350200
           008076
           033078
           033003
           360001
           350201
 310061 27 001007
           001033
           001034
           002019
           002020
           301011
           301012
           207003
           004006
           207000
           005040
           005041
           005043
           033079
           033080
           033078
           301021
           201129
           007002
           201000
           007024
           005021
           007025
           005022
           025075
           360001
           350206
 310196 51 001007
           001033
           002019
           002020
           301011
           301012
           207003
           004006
           207000
           304030
           301021
           007024
           005021
           007025
           005022
           008075
           201133
           005041
           201000
           005045
           005043
           005040
           010001
           201129
           007002
           201000
           202127
           201125
           021166
           201000
           202000
           008012
           020010
           020014
           002165
           033075
           101003
           350200
           008076
           033078
           033003
           360001
           350216
           002141
           008076
           360002
           350220
           008076
           002019
           101007
           340193
 310198 51 001007
           001033
           002019
           002020
           301011
           301012
           207003
           004006
           207000
           304030
           301021
           007024
           005021
           007025
           005022
           008075
           201133
           005041
           201000
           005045
           005043
           005040
           010001
           201129
           007002
           201000
           202127
           201125
           021166
           201000
           202000
           008012
           020010
           020014
           002165
           033075
           101003
           350200
           008076
           033078
           033003
           360001
           350216
           002141
           008076
           360002
           350220
           008076
           002019
           101007
           340193
 361207 45 001007
           001031
           002019
           002020
           004001
           004002
           004003
           004004
           004005
           202131
           201138
           004006
           201000
           202000
           005001
           006001
           007024
           005021
           007025
           005022
           005043
           005040
           201133
           005041
           201000
           201132
           025070
           201000
           202126
           007001
           202000
           033060
           033061
           033062
           033063
           033064
           033065
           101010
           340002
           360001
           361137
           002019
           025051
           101007
           340004
 310197 50 035200
           035201
           008070
           001033
           001034
           008070
           001033
           001034
           001007
           002019
           005040
           025075
           201133
           005041
           201000
           005043
           025070
           050210
           050211
           004001
           004002
           004003
           004004
           004005
           202131
           201138
           004006
           201000
           202000
           005001
           006001
           202126
           007001
           202000
           007024
           005021
           007025
           005022
           025081
           050213
           002151
           012064
           002151
           012064
           002151
           012064
           002151
           012064
           101006
           362072
 340192 17 001007
           002019
           001033
           001034
           101013
           362075
           005041
           301011
           301012
           207003
           004006
           207000
           201129
           007002
           201000
           360001
           362076
 350239 26 001007
           001033
           001034
           002019
           002020
           301011
           301012
           207003
           004006
           207000
           005040
           201133
           005041
           005043
           201000
           301021
           005022
           007022
           025081
           025082
           033032
           208006
           002141
           208000
           360002
           310193
 350243 01 310050
 350250 01 310050
 350251 01 310009
 350252 01 310010
 350253 01 310055
 350254 06 310051
           310052
           101012
           361193
           101004
           361194
 361233 01 310050
 301011 03 004001
           004002
           004003
 301012 02 004004
           004005
 301013 03 004004
           004005
           004006
 301021 02 005001
           006001
 301071 05 001007
           001031
           002020
           002028
           002029
 301072 04 301071
           301011
           301013
           301021
 304030 03 027031
           028031
           010031
 304032 05 002153
           002154
           020081
           020082
           020012
 304033 08 002152
           002166
           002167
           002153
           002154
           012075
           012076
           012063
 304036 12 020082
           008012
           020082
           008012
           020081
           008003
           020081
           008003
           020081
           008003
           020081
           008003
 304037 14 002153
           002154
           012063
           008011
           012063
           008011
           012063
           008011
           008003
           012063
           008003
           012063
           008003
           012063
 310009 03 310011
           101015
           310012
 310010 03 310011
           101005
           310012
 310011 45 008070
           001033
           001034
           008070
           001033
           001034
           001007
           002048
           005040
           025075
           201133
           005041
           201000
           005043
           025070
           033030
           033031
           004001
           004002
           004003
           004004
           004005
           202131
           201138
           004006
           201000
           202000
           005001
           006001
           202126
           007001
           202000
           007024
           005021
           007025
           005022
           033033
           002151
           012064
           002151
           012064
           002151
           012064
           002151
           012064
 310012 10 002150
           025076
           025077
           025078
           033032
           201132
           202129
           012063
           202000
           201000
 310025 41 001007
           008021
           004001
           004002
           004003
           004004
           004005
           201138
           202131
           004006
           202000
           201000
           201132
           005041
           201000
           201129
           005043
           201000
           005002
           006002
           013040
           020029
           101024
           361135
           101003
           361118
           008021
           004001
           004002
           004003
           004004
           004005
           005040
           101003
           362087
           025054
           101004
           362088
           008007
           101028
           361119
 310050 13 310051
           310052
           360001
           310053
           101004
           310054
           020010
           350202
           101015
           350203
           350204
           101005
           350205
 310051 15 001007
           005040
           201133
           005041
           201000
           201132
           025070
           201000
           202126
           007001
           202000
           007025
           005022
           101009
           350207
 310052 16 002019
           004001
           004002
           004003
           004004
           004005
           202131
           201138
           004006
           201000
           202000
           005001
           006001
           007024
           005021
           005043
 310053 06 201134
           005042
           201000
           025076
           033032
           012163
 310054 14 201134
           005042
           201000
           025076
           033032
           201131
           202129
           008023
           014027
           008023
           014027
           008023
           202000
           201000
 310055 06 310051
           310052
           101020
           350209
           360001
           350208
 310193 05 002153
           021166
           033083
           002104
           012163
 340002 03 025140
           025141
           025142
 340004 05 005060
           005061
           025085
           101006
           361139
 340193 05 005060
           005061
           025085
           101016
           340194
 340194 05 005042
           008023
           014043
           008023
           014043
 350200 07 008076
           006029
           006029
           025140
           025141
           033076
           033077
 350201 04 201133
           005042
           201000
           014044
 350216 04 201134
           005042
           201000
           014044
 350220 04 201134
           005042
           201000
           014044
 350202 16 002019
           004001
           004002
           004003
           004004
           004005
           202131
           201138
           004006
           201000
           202000
           005001
           006001
           007024
           005021
           005043
 350203 06 201134
           005042
           201000
           025076
           033032
           012163
 350205 06 201134
           005042
           201000
           025076
           033032
           012163
 350206 11 005042
           202131
           002153
           002154
           202000
           002104
           012066
           012163
           012158
           012159
           033081
 350207 02 002151
           012064
 350208 01 025050
 350209 02 025076
           025052
 350212 03 002150
           014027
           012163
 360237 03 012075
           012076
           012065
 361118 15 004001
           004002
           004003
           201142
           202131
           004026
           202000
           201000
           005001
           006001
           201138
           202129
           007001
           202000
           201000
 361119 04 005002
           006002
           002111
           005021
 361135 04 005042
           012163
           021083
           021084
 361137 04 201136
           005042
           201000
           014046
 361139 05 005042
           025142
           014047
           025142
           014048
 361171 03 005042
           012163
           012206
 361182 02 005042
           012163
 361191 19 002152
           002166
           002167
           002153
           002154
           012075
           012076
           201132
           202129
           012063
           202000
           201000
           020081
           020082
           020012
           202129
           012065
           202000
           033007
 361193 06 201134
           005042
           201000
           025076
           033032
           012163
 361194 06 310052
           201129
           005043
           201000
           101002
           361193
 362070 01 012065
 362072 13 002150
           025076
           025077
           025078
           050214
           050215
           008065
           013040
           201132
           202129
           012063
           202000
           201000
 362075 04 005042
           002153
           002154
           002104
 362076 06 301021
           005043
           101002
           362078
           101013
           362077
 362077 04 005042
           033254
           012163
           033083
 362078 05 007024
           005021
           007025
           005022
           007192
 362083 01 031031
 362084 01 033007
 362087 01 012070
