 360001 02 101000
           031002
 360002 02 101000
           031001
 360003 02 101000
           031001
 360004 02 101000
           031000
 348102 18 348001
           002013
           360002
           348002
           360004
           348158
           360004
           348013
           360002
           348014
           360004
           348029
           360004
           348031
           360004
           348038
           360004
           348039
 348103 04 348001
           001006
           360002
           348040
 348104 05 348001
           360004
           348037
           360002
           348040
 348105 05 348001
           001007
           348002
           360004
           348009
 348106 03 348001
           360002
           348002
 348107 03 348001
           360002
           348002
 348108 08 348001
           001007
           360002
           348002
           360004
           348153
           360002
           348004
 348109 40 348001
           348002
           360004
           348003
           360004
           348005
           360004
           348010
           360004
           348158
           360004
           348012
           360002
           348013
           360002
           348014
           360002
           348016
           360002
           348017
           360004
           348019
           360004
           348022
           360004
           348023
           360004
           348024
           360004
           348026
           360004
           348028
           360004
           348029
           360004
           348032
           360004
           348033
           360004
           348035
 348110 30 348001
           348002
           360004
           348003
           360004
           348158
           360004
           348013
           360002
           348014
           360002
           348017
           360004
           348020
           360004
           348022
           360004
           348023
           360004
           348024
           360004
           348029
           360004
           348030
           360004
           348033
           360004
           348034
           360004
           348035
 348111 02 348001
           348002
 348112 13 348001
           008193
           001007
           360004
           348141
           360004
           348145
           360004
           348146
           360004
           348156
           360002
           348004
 348113 03 348001
           360002
           348002
 348114 09 348001
           008193
           001007
           360004
           348141
           360004
           348145
           360004
           348154
 348115 09 348001
           001007
           008022
           360002
           348011
           360004
           348153
           360002
           348004
 348116 10 348001
           008193
           001007
           006034
           005034
           021120
           360004
           348141
           360004
           348145
 348117 10 348001
           058009
           058010
           348002
           360004
           348005
           360002
           348012
           360004
           348025
 348118 03 348001
           008193
           348146
 348119 03 348001
           360002
           348002
 348120 22 348001
           008193
           001007
           008022
           013014
           022043
           360004
           348141
           360004
           348145
           011081
           011082
           013096
           013097
           020219
           033199
           033200
           033201
           033245
           033246
           033247
           033248
 348121 11 348001
           008193
           001007
           006034
           021155
           021156
           021104
           360004
           348141
           360004
           348145
 348001 15 001194
           006240
           005002
           004215
           010199
           055007
           055008
           055009
           002195
           050001
           050003
           004214
           004216
           360004
           348081
 348002 13 008193
           360004
           348141
           360004
           348142
           360004
           348143
           360004
           348144
           360004
           348145
           360004
           348155
 348003 02 010243
           010244
 348004 02 005042
           012163
 348005 01 010052
 348006 01 011235
 348007 04 011236
           011237
           011238
           011239
 348008 02 002005
           008004
 348009 04 033196
           033197
           033198
           033203
 348010 02 011002
           011217
 348011 13 008193
           360004
           348141
           360004
           348142
           360004
           348143
           360004
           348144
           360004
           348146
           360004
           348157
 348012 02 004031
           013011
 348013 01 020003
 348014 06 008002
           020011
           020012
           020013
           360004
           348015
 348015 01 020014
 348016 04 004031
           012111
           004031
           012112
 348017 03 022003
           022023
           022013
 348018 01 007062
 348019 04 008201
           020001
           360004
           348021
 348020 03 020001
           360004
           348021
 348021 01 020002
 348022 02 020004
           020005
 348023 02 011203
           011202
 348024 02 004032
           011041
 348025 02 011041
           011043
 348026 06 013019
           013020
           013021
           013023
           360004
           348027
 348027 01 013022
 348028 01 014031
 348029 02 020010
           020201
 348030 02 011223
           011224
 348031 02 011200
           011201
 348032 03 004031
           013012
           013013
 348033 04 022021
           022011
           022022
           022012
 348034 02 001193
           001200
 348035 04 010063
           010061
           360004
           348036
 348037 01 001006
 348038 03 020041
           020194
           020195
 348039 03 011031
           011032
           011033
 348040 33 004217
           002199
           033026
           010082
           008193
           360004
           348141
           360004
           348142
           360004
           348143
           360004
           348144
           360004
           348145
           360004
           348155
           360004
           348008
           360004
           348006
           360004
           348007
           360002
           348039
           360002
           348013
           360002
           348014
           360002
           348038
           360002
           348041
 348041 01 033249
 348081 02 035200
           035201
 348141 06 360003
           348171
           360004
           348191
           360004
           348211
 348142 07 360003
           348172
           012244
           360004
           348192
           360004
           348212
 348143 07 360003
           348173
           012243
           360004
           348193
           360004
           348213
 348144 06 360003
           348174
           360004
           348194
           360004
           348214
 348145 08 360003
           348175
           360003
           348176
           360004
           348195
           360004
           348215
 348146 05 360004
           348147
           360004
           348148
           010195
 348147 06 360003
           348177
           360004
           348196
           360004
           348216
 348148 08 360004
           348149
           360004
           348150
           360004
           348151
           360004
           348152
 348149 06 360003
           348178
           360004
           348197
           360004
           348217
 348150 06 360003
           348179
           360004
           348198
           360004
           348218
 348151 06 360003
           348180
           360004
           348199
           360004
           348219
 348152 06 360003
           348181
           360004
           348200
           360004
           348220
 348153 05 007021
           007022
           015001
           012161
           020011
 348154 12 021226
           021227
           021228
           021231
           021232
           021233
           021236
           021237
           021238
           021241
           021242
           021243
 348155 03 006241
           005241
           004218
 348156 06 360003
           348182
           360004
           348201
           360004
           348221
 348157 08 360003
           348183
           020010
           012210
           360004
           348202
           360004
           348222
 348158 09 360003
           348184
           002038
           360004
           348203
           360004
           348223
           360004
           348018
 348171 04 007245
           007246
           007247
           007248
 348172 04 013245
           013246
           013247
           013248
 348173 04 012245
           012246
           012247
           012248
 348174 04 010007
           010246
           010247
           010248
 348175 05 011003
           011004
           011240
           011241
           011242
 348176 05 011001
           011252
           011218
           011219
           011220
 348177 04 013193
           051021
           051022
           051023
 348178 04 013202
           051032
           051033
           051034
 348179 04 013203
           051042
           051043
           051044
 348180 04 013204
           051052
           051053
           051054
 348181 04 051061
           051062
           051063
           051064
 348182 08 202130
           201134
           013014
           201000
           202000
           051001
           051002
           051003
 348183 04 020016
           020246
           020247
           020248
 348184 04 022043
           022246
           022247
           022248
 348191 04 007250
           007249
           360004
           348241
 348192 04 013250
           013249
           360004
           348242
 348193 04 012250
           012249
           360004
           348243
 348194 03 010249
           360004
           348244
 348195 05 011245
           011243
           011244
           360004
           348245
 348196 04 051025
           051024
           360004
           348246
 348197 04 051036
           051035
           360004
           348247
 348198 04 051046
           051045
           360004
           348248
 348199 04 051056
           051055
           360004
           348249
 348200 04 051066
           051065
           360004
           348250
 348201 02 051005
           051004
 348202 02 020250
           020249
 348203 02 022250
           022249
 348211 06 007251
           360004
           348231
           007254
           033204
           033205
 348212 07 013251
           360004
           348232
           013254
           033210
           033211
           013242
 348213 06 012251
           360004
           348233
           012254
           033206
           033209
 348214 03 010251
           360004
           348234
 348215 08 011246
           011247
           360004
           348235
           011253
           033212
           033213
           011225
 348216 04 051026
           051027
           033214
           033228
 348217 01 051037
 348218 01 051047
 348219 01 051057
 348220 01 051067
 348221 01 051006
 348222 01 020251
 348223 01 022251
 348231 02 007252
           007253
 348232 02 013252
           013253
 348233 02 012252
           012253
 348234 02 010252
           010253
 348235 04 011248
           011250
           011249
           011251
 348241 01 007255
 348242 01 013255
 348243 01 012255
 348244 01 010255
 348245 02 011254
           011255
 348246 01 051030
 348247 01 051040
 348248 01 051050
 348249 01 051060
 348250 01 051070
