 360001 02 101000
           031002
 360002 02 101000
           031001
 360003 02 101000
           031001
 360004 02 101000
           031000
 348102 18 348001
           002013
           360002
           348002
           360004
           348158
           360004
           348013
           360002
           348014
           360004
           348029
           360004
           348031
           360004
           348038
           360004
           348039
 348103 08 348001
           001006
           360002
           348040
           360004
           348041
           360004
           348042
 348104 09 348001
           360004
           348037
           360002
           348040
           360004
           348041
           360004
           348042
 348105 06 348001
           001007
           348002
           360004
           348009
           007024
 348106 03 348001
           360002
           348002
 348107 03 348001
           360002
           348002
 348108 08 348001
           001007
           360002
           348002
           360004
           348153
           360002
           348004
 348109 50 348001
           008193
           360004
           348141
           360004
           348142
           360004
           348143
           360004
           348144
           360004
           348145
           360003
           348186
           360004
           348003
           360004
           348005
           360004
           348158
           360004
           348012
           360002
           348013
           360002
           348014
           360002
           348016
           360002
           348017
           360004
           348019
           360004
           348022
           360004
           348023
           360004
           348024
           360004
           348026
           360004
           348028
           360004
           348029
           360004
           348032
           360004
           348033
           360004
           348035
 348110 42 348001
           008193
           360004
           348141
           360004
           348142
           360004
           348143
           360004
           348144
           360004
           348145
           360003
           348186
           360004
           348003
           360004
           348158
           360004
           348013
           360002
           348014
           360002
           348017
           360004
           348020
           360004
           348022
           360004
           348023
           360004
           348024
           360004
           348029
           360004
           348030
           360004
           348033
           360004
           348034
           360004
           348035
 348111 06 348001
           008193
           360004
           348141
           360004
           348144
 348112 13 348001
           008193
           001007
           360004
           348141
           360004
           348145
           360004
           348146
           360004
           348156
           360002
           348004
 348113 03 348001
           360002
           348002
 348114 09 348001
           008193
           001007
           360004
           348141
           360004
           348145
           360004
           348154
 348115 09 348001
           001007
           008022
           360002
           348011
           360004
           348153
           360002
           348004
 348116 10 348001
           008193
           001007
           006034
           005034
           021120
           360004
           348141
           360004
           348145
 348117 24 348001
           058009
           058010
           008193
           360004
           348141
           360004
           348142
           360004
           348143
           360004
           348144
           360004
           348145
           360003
           348186
           360004
           348003
           360004
           348005
           360002
           348012
           360004
           348025
 348118 03 348001
           008193
           348146
 348119 03 348001
           360002
           348002
 348120 22 348001
           008193
           001007
           008022
           013014
           022043
           360004
           348141
           360004
           348145
           011081
           011082
           013096
           013097
           020219
           033199
           033200
           033201
           033245
           033246
           033247
           033248
 348121 11 348001
           008193
           001007
           006034
           021155
           021156
           021104
           360004
           348141
           360004
           348145
 348001 15 001194
           006240
           005002
           004215
           010199
           055007
           055008
           055009
           002195
           050001
           050003
           004214
           004216
           360004
           348081
 348002 15 008193
           360004
           348141
           360004
           348142
           360004
           348143
           360004
           348144
           360004
           348145
           360004
           348155
           360003
           348185
 348003 03 010243
           010244
           010245
 348004 02 005042
           012163
 348005 01 010052
 348006 01 011235
 348007 04 011236
           011237
           011238
           011239
 348008 02 002005
           008004
 348009 04 033196
           033197
           033198
           033203
 348011 13 008193
           360004
           348141
           360004
           348142
           360004
           348143
           360004
           348144
           360004
           348146
           360004
           348157
 348012 02 004031
           013011
 348013 01 020003
 348014 06 008002
           020011
           020012
           020013
           360004
           348015
 348015 01 020014
 348016 04 004031
           012111
           004031
           012112
 348017 03 022003
           022023
           022013
 348018 01 007062
 348019 04 008201
           020001
           360004
           348021
 348020 03 020001
           360004
           348021
 348021 01 020002
 348022 02 020004
           020005
 348023 02 011203
           011202
 348024 02 004032
           011041
 348025 02 011041
           011043
 348026 06 013019
           013020
           013021
           013023
           360004
           348027
 348028 01 014031
 348029 02 020010
           020201
 348030 02 011223
           011224
 348031 02 011200
           011201
 348032 03 004031
           013012
           013013
 348033 04 022021
           022011
           022022
           022012
 348034 02 001193
           001200
 348035 04 010063
           010061
           360004
           348036
 348036 01 010062
 348037 01 001006
 348038 03 020041
           020194
           020195
 348039 03 011031
           011032
           011033
 348040 34 004217
           002199
           033026
           010082
           008193
           360004
           348141
           360004
           348142
           360004
           348143
           360004
           348144
           360004
           348145
           360004
           348155
           360003
           348185
           360004
           348008
           360004
           348006
           360004
           348007
           360002
           348039
           360002
           348013
           360002
           348014
           360002
           348038
           033249
 348041 02 005214
           005216
 348042 02 006214
           006216
 348081 02 035200
           035201
 348141 06 360003
           348171
           360004
           348191
           360004
           348211
 348142 07 360003
           348172
           012244
           360004
           348192
           360004
           348212
 348143 07 360003
           348173
           012243
           360004
           348193
           360004
           348213
 348144 06 360003
           348174
           360004
           348194
           360004
           348214
 348145 06 360003
           348175
           360004
           348195
           360004
           348215
 348146 05 360004
           348147
           360004
           348148
           010195
 348147 06 360003
           348177
           360004
           348196
           360004
           348216
 348148 08 360004
           348149
           360004
           348150
           360004
           348151
           360004
           348152
 348149 06 360003
           348178
           360004
           348197
           360004
           348217
 348150 06 360003
           348179
           360004
           348198
           360004
           348218
 348151 06 360003
           348180
           360004
           348199
           360004
           348219
 348152 06 360003
           348181
           360004
           348200
           360004
           348220
 348153 05 007021
           007022
           015001
           012161
           020011
 348154 12 021226
           021227
           021228
           021231
           021232
           021233
           021236
           021237
           021238
           021241
           021242
           021243
 348155 03 006241
           005241
           004218
 348156 06 360003
           348182
           360004
           348201
           360004
           348221
 348157 08 360003
           348183
           020010
           012210
           360004
           348202
           360004
           348222
 348158 09 360003
           348184
           002038
           360004
           348203
           360004
           348223
           360004
           348018
 348171 04 007245
           007246
           007247
           007248
 348172 04 013245
           013246
           013247
           013248
 348173 04 012245
           012246
           012247
           012248
 348174 04 010007
           010246
           010247
           010248
 348175 05 011003
           011004
           011240
           011241
           011242
 348177 04 013193
           051021
           051022
           051023
 348178 04 013202
           051032
           051033
           051034
 348179 04 013203
           051042
           051043
           051044
 348180 04 013204
           051052
           051053
           051054
 348181 04 051061
           051062
           051063
           051064
 348182 08 202130
           201134
           013014
           201000
           202000
           051001
           051002
           051003
 348183 04 020016
           020246
           020247
           020248
 348184 04 022043
           022246
           022247
           022248
 348185 05 011001
           011252
           011218
           011219
           011220
 348186 05 011001
           011002
           011218
           011219
           011220
 348191 04 007250
           007249
           360004
           348241
 348192 04 013250
           013249
           360004
           348242
 348193 04 012250
           012249
           360004
           348243
 348194 03 010249
           360004
           348244
 348195 05 011245
           011243
           011244
           360004
           348245
 348196 04 051025
           051024
           360004
           348246
 348197 04 051036
           051035
           360004
           348247
 348198 04 051046
           051045
           360004
           348248
 348199 04 051056
           051055
           360004
           348249
 348200 04 051066
           051065
           360004
           348250
 348201 02 051005
           051004
 348202 02 020250
           020249
 348203 02 022250
           022249
 348211 06 007251
           360004
           348231
           007254
           033204
           033205
 348212 07 013251
           360004
           348232
           013254
           033210
           033211
           013242
 348213 06 012251
           360004
           348233
           012254
           033206
           033209
 348214 03 010251
           360004
           348234
 348215 08 011246
           011247
           360004
           348235
           011253
           033212
           033213
           011225
 348216 04 051026
           051027
           033214
           033228
 348217 01 051037
 348218 01 051047
 348219 01 051057
 348220 01 051067
 348221 01 051006
 348222 01 020251
 348223 01 022251
 348231 02 007252
           007253
 348232 02 013252
           013253
 348233 02 012252
           012253
 348234 02 010252
           010253
 348235 04 011248
           011250
           011249
           011251
 348241 01 007255
 348242 01 013255
 348243 01 012255
 348244 01 010255
 348245 02 011254
           011255
 348246 01 051030
 348247 01 051040
 348248 01 051050
 348249 01 051060
 348250 01 051070
 362215 40 352001
           352003
           001198
           033215
           001007
           001033
           002020
           007024
           002028
           002029
           004001
           004002
           004003
           004004
           004005
           004006
           004024
           005002
           006002
           002152
           002023
           002153
           002154
           012071
           002164
           008012
           002057
           033216
           002163
           007004
           011001
           101003
           362066
           011002
           101003
           362066
           101004
           362064
           101010
           362065
 362216 40 352001
           352003
           001198
           033215
           001007
           001033
           002020
           007024
           002028
           002029
           004001
           004002
           004003
           004004
           004005
           004006
           004024
           005002
           006002
           002152
           002023
           002153
           002154
           012071
           002164
           008012
           002057
           033216
           002163
           007004
           011001
           101003
           362066
           011002
           101003
           362066
           101004
           362064
           101010
           362065
 362217 40 352001
           352003
           001198
           033215
           001007
           001033
           002020
           007024
           002028
           002029
           004001
           004002
           004003
           004004
           004005
           004006
           004024
           005002
           006002
           002152
           002023
           002153
           002154
           012071
           002164
           008012
           002057
           033216
           002163
           007004
           011001
           101003
           362066
           011002
           101003
           362066
           101004
           362064
           101010
           362065
 362218 40 352001
           352003
           001198
           033215
           001007
           001033
           002020
           007024
           002028
           002029
           004001
           004002
           004003
           004004
           004005
           004006
           004024
           005002
           006002
           002152
           002023
           002153
           002154
           012071
           002164
           008012
           002057
           033216
           002163
           007004
           011001
           101003
           362066
           011002
           101003
           362066
           101004
           362064
           101010
           362065
 362235 22 352001
           352003
           001198
           001062
           001033
           002020
           301011
           301012
           301021
           007001
           020010
           008003
           020011
           008003
           020011
           008003
           008011
           007007
           007007
           008011
           360002
           352002
 363240 12 352001
           352003
           001198
           001033
           001007
           001195
           001196
           301011
           301012
           002002
           002023
           362063
 363241 12 352001
           352003
           001198
           001033
           001007
           001195
           001196
           301011
           301012
           002002
           002023
           362063
 363242 12 352001
           352003
           001198
           001033
           001007
           001195
           001196
           301011
           301012
           002002
           002023
           362063
 363185 38 352001
           352003
           001198
           033215
           001007
           001033
           002020
           007024
           002028
           002029
           004001
           004002
           004003
           004004
           004005
           004006
           005002
           006002
           002152
           002023
           002153
           002154
           007004
           101003
           362067
           011001
           101003
           362067
           011002
           101003
           362067
           012071
           101003
           362067
           101004
           362081
           101010
           362065
 363186 38 352001
           352003
           001198
           033215
           001007
           001033
           002020
           007024
           002028
           002029
           004001
           004002
           004003
           004004
           004005
           004006
           005002
           006002
           002152
           002023
           002153
           002154
           007004
           101003
           362067
           011001
           101003
           362067
           011002
           101003
           362067
           012071
           101003
           362067
           101004
           362081
           101010
           362065
 363187 38 352001
           352003
           001198
           033215
           001007
           001033
           002020
           007024
           002028
           002029
           004001
           004002
           004003
           004004
           004005
           004006
           005002
           006002
           002152
           002023
           002153
           002154
           007004
           101003
           362067
           011001
           101003
           362067
           011002
           101003
           362067
           012071
           101003
           362067
           101004
           362081
           101010
           362065
 363244 12 352001
           352003
           001198
           001033
           001007
           001195
           001196
           301011
           301012
           002002
           002023
           362063
 363245 12 352001
           352003
           001198
           001033
           001007
           001195
           001196
           301011
           301012
           002002
           002023
           362063
 363246 12 352001
           352003
           001198
           001033
           001007
           001195
           001196
           301011
           301012
           002002
           002023
           362063
 361195 38 352001
           352003
           001198
           033215
           001007
           001033
           002020
           007024
           002028
           002029
           004001
           004002
           004003
           004004
           004005
           004006
           005002
           006002
           002152
           002023
           002153
           002154
           007004
           101003
           362067
           011001
           101003
           362067
           011002
           101003
           362067
           012071
           101003
           362067
           101004
           362081
           101010
           362065
 361196 38 352001
           352003
           001198
           033215
           001007
           001033
           002020
           007024
           002028
           002029
           004001
           004002
           004003
           004004
           004005
           004006
           005002
           006002
           002152
           002023
           002153
           002154
           007004
           101003
           362067
           011001
           101003
           362067
           011002
           101003
           362067
           012071
           101003
           362067
           101004
           362081
           101010
           362065
 361197 38 352001
           352003
           001198
           033215
           001007
           001033
           002020
           007024
           002028
           002029
           004001
           004002
           004003
           004004
           004005
           004006
           005002
           006002
           002152
           002023
           002153
           002154
           007004
           101003
           362067
           011001
           101003
           362067
           011002
           101003
           362067
           012071
           101003
           362067
           101004
           362081
           101010
           362065
 363248 12 352001
           352003
           001198
           001033
           001007
           001195
           001196
           301011
           301012
           002002
           002023
           362063
 363249 12 352001
           352003
           001198
           001033
           001007
           001195
           001196
           301011
           301012
           002002
           002023
           362063
 363250 12 352001
           352003
           001198
           001033
           001007
           001195
           001196
           301011
           301012
           002002
           002023
           362063
 363251 38 352001
           352003
           001198
           033215
           001007
           001033
           002020
           007024
           002028
           002029
           004001
           004002
           004003
           004004
           004005
           004006
           005002
           006002
           002152
           002023
           002153
           002154
           007004
           101003
           362067
           011001
           101003
           362067
           011002
           101003
           362067
           012071
           101003
           362067
           101004
           362081
           101010
           362065
 363252 38 352001
           352003
           001198
           033215
           001007
           001033
           002020
           007024
           002028
           002029
           004001
           004002
           004003
           004004
           004005
           004006
           005002
           006002
           002152
           002023
           002153
           002154
           007004
           101003
           362067
           011001
           101003
           362067
           011002
           101003
           362067
           012071
           101003
           362067
           101004
           362081
           101010
           362065
 363181 05 310077
           352001
           352003
           001198
           033215
 363182 05 310077
           352001
           352003
           001198
           033215
 363183 05 310077
           352001
           352003
           001198
           033215
 301011 03 004001
           004002
           004003
 301012 02 004004
           004005
 301021 02 005001
           006001
 310077 73 001033
           001034
           025061
           025062
           001007
           002153
           001012
           201138
           002026
           002027
           201000
           002028
           002029
           002161
           002164
           002023
           008012
           008013
           001124
           005001
           006001
           004001
           004002
           004003
           004004
           004005
           004006
           004086
           002162
           007004
           011001
           011002
           011003
           011004
           012001
           020014
           007024
           001023
           360002
           362193
           360002
           362196
           360002
           362197
           001033
           008021
           007004
           011095
           011096
           008021
           007004
           011095
           011096
           008021
           008086
           007004
           011095
           011096
           008086
           101004
           362232
           008092
           007004
           011003
           011004
           008092
           033066
           020081
           020012
           020056
           360002
           362231
           008023
 352001 05 035195
           035021
           035023
           035022
           035194
 352002 01 058008
 352003 06 008202
           004200
           004201
           004202
           004203
           004204
 362063 06 005002
           006002
           007004
           012101
           011001
           011002
 362064 06 008021
           004004
           004005
           004006
           011001
           011002
 362065 03 002163
           007004
           012001
 362066 03 001033
           001032
           033007
 362067 05 001033
           001032
           033007
           033035
           033036
 362081 10 008021
           004004
           004005
           004006
           008021
           004004
           004005
           004006
           011001
           011002
 362193 04 002162
           007004
           012001
           020014
 362196 13 004086
           002020
           001007
           002019
           005042
           002153
           005040
           007024
           005021
           002162
           007004
           012001
           020014
 362197 13 004086
           004086
           005001
           006001
           011003
           011004
           011113
           025148
           360002
           362229
           008023
           360002
           362230
 362229 03 008023
           011003
           011004
 362230 03 020111
           020112
           020114
 362231 17 008023
           020016
           008092
           008003
           012001
           008003
           020016
           008092
           025149
           020016
           020014
           013093
           013109
           040038
           008011
           014050
           008011
 363236 17 004001
           004002
           004003
           004004
           005002
           006002
           001198
           002223
           001204
           001007
           007004
           010007
           012101
           011001
           011002
           033216
           004005
 363237 17 004001
           004002
           004003
           004004
           005002
           006002
           001198
           002223
           001204
           001007
           007004
           010007
           012101
           011001
           011002
           033216
           004005
 363238 17 004001
           004002
           004003
           004004
           005002
           006002
           001198
           002223
           001204
           001007
           007004
           010007
           012101
           011001
           011002
           033216
           004005
 363239 17 004001
           004002
           004003
           004004
           005002
           006002
           001198
           002223
           001204
           001007
           007004
           010007
           012101
           011001
           011002
           033216
           004005
 363201 25 004001
           004002
           004003
           004004
           004005
           005002
           006002
           004200
           004201
           004202
           004203
           004204
           001198
           002223
           002201
           001204
           001007
           007004
           010007
           012101
           011001
           011002
           033216
           033196
           025201
 363202 25 004001
           004002
           004003
           004004
           004005
           005002
           006002
           004200
           004201
           004202
           004203
           004204
           001198
           002223
           002201
           001204
           001007
           007004
           010007
           012101
           011001
           011002
           033216
           033196
           025201
 363204 25 004001
           004002
           004003
           004004
           004005
           005002
           006002
           004200
           004201
           004202
           004203
           004204
           001198
           002223
           002201
           001204
           001007
           007004
           010007
           012101
           011001
           011002
           033216
           033196
           025201
 363205 25 004001
           004002
           004003
           004004
           004005
           005002
           006002
           004200
           004201
           004202
           004203
           004204
           001198
           002223
           002201
           001204
           001007
           007004
           010007
           012101
           011001
           011002
           033216
           033196
           025201
 363207 39 352003
           001198
           033215
           001007
           001033
           002020
           007024
           002028
           002029
           004001
           004002
           004003
           004004
           004005
           004006
           004024
           005002
           006002
           002152
           002023
           002153
           002154
           012071
           002164
           008012
           002057
           033216
           002163
           007004
           011001
           101004
           362066
           011002
           101004
           362066
           101004
           362064
           101010
           362082
 363208 39 352003
           001198
           033215
           001007
           001033
           002020
           007024
           002028
           002029
           004001
           004002
           004003
           004004
           004005
           004006
           004024
           005002
           006002
           002152
           002023
           002153
           002154
           012071
           002164
           008012
           002057
           033216
           002163
           007004
           011001
           101004
           362066
           011002
           101004
           362066
           101004
           362064
           101010
           362082
 363209 39 352003
           001198
           033215
           001007
           001033
           002020
           007024
           002028
           002029
           004001
           004002
           004003
           004004
           004005
           004006
           004024
           005002
           006002
           002152
           002023
           002153
           002154
           012071
           002164
           008012
           002057
           033216
           002163
           007004
           011001
           101004
           362066
           011002
           101004
           362066
           101004
           362064
           101010
           362082
 363203 32 001007
           001031
           002020
           002028
           002029
           004001
           004002
           004003
           004004
           004005
           004006
           005002
           006002
           002152
           002023
           007004
           011001
           011002
           002153
           012071
           002163
           002164
           008012
           007024
           101004
           362064
           101005
           362082
           033196
           025201
           033216
           001198
 363225 39 352003
           001198
           033215
           001007
           001033
           002020
           007024
           002028
           002029
           004001
           004002
           004003
           004004
           004005
           004006
           004024
           005002
           006002
           002152
           002023
           002153
           002154
           012071
           002164
           008012
           002057
           033216
           002163
           007004
           011001
           101004
           362066
           011002
           101004
           362066
           101004
           362064
           101010
           362082
 362219 39 352003
           001198
           033215
           001007
           001033
           002020
           007024
           002028
           002029
           004001
           004002
           004003
           004004
           004005
           004006
           004024
           005002
           006002
           002152
           002023
           002153
           002154
           012071
           002164
           008012
           002057
           033216
           002163
           007004
           011001
           101004
           362066
           011002
           101004
           362066
           101004
           362064
           101010
           362082
 362116 73 001033
           001034
           025061
           025062
           001007
           002153
           001012
           201138
           002026
           002027
           201000
           002028
           002029
           002161
           002164
           002023
           008012
           008013
           001124
           005001
           006001
           004001
           004002
           004003
           004004
           004005
           004006
           004086
           002162
           007004
           011001
           011002
           011003
           011004
           012001
           020014
           007024
           001023
           360002
           362193
           360002
           362196
           360002
           362197
           001033
           008021
           007004
           011095
           011096
           008021
           007004
           011095
           011096
           008021
           008086
           007004
           011095
           011096
           008086
           101004
           362232
           008092
           007004
           011003
           011004
           008092
           033066
           020081
           020012
           020056
           360002
           362231
           008023
 362117 73 001033
           001034
           025061
           025062
           001007
           002153
           001012
           201138
           002026
           002027
           201000
           002028
           002029
           002161
           002164
           002023
           008012
           008013
           001124
           005001
           006001
           004001
           004002
           004003
           004004
           004005
           004006
           004086
           002162
           007004
           011001
           011002
           011003
           011004
           012001
           020014
           007024
           001023
           360002
           362193
           360002
           362196
           360002
           362197
           001033
           008021
           007004
           011095
           011096
           008021
           007004
           011095
           011096
           008021
           008086
           007004
           011095
           011096
           008086
           101004
           362232
           008092
           007004
           011003
           011004
           008092
           033066
           020081
           020012
           020056
           360002
           362231
           008023
 362118 73 001033
           001034
           025061
           025062
           001007
           002153
           001012
           201138
           002026
           002027
           201000
           002028
           002029
           002161
           002164
           002023
           008012
           008013
           001124
           005001
           006001
           004001
           004002
           004003
           004004
           004005
           004006
           004086
           002162
           007004
           011001
           011002
           011003
           011004
           012001
           020014
           007024
           001023
           360002
           362193
           360002
           362196
           360002
           362197
           001033
           008021
           007004
           011095
           011096
           008021
           007004
           011095
           011096
           008021
           008086
           007004
           011095
           011096
           008086
           101004
           362232
           008092
           007004
           011003
           011004
           008092
           033066
           020081
           020012
           020056
           360002
           362231
           008023
 362119 73 001033
           001034
           025061
           025062
           001007
           002153
           001012
           201138
           002026
           002027
           201000
           002028
           002029
           002161
           002164
           002023
           008012
           008013
           001124
           005001
           006001
           004001
           004002
           004003
           004004
           004005
           004006
           004086
           002162
           007004
           011001
           011002
           011003
           011004
           012001
           020014
           007024
           001023
           360002
           362193
           360002
           362196
           360002
           362197
           001033
           008021
           007004
           011095
           011096
           008021
           007004
           011095
           011096
           008021
           008086
           007004
           011095
           011096
           008086
           101004
           362232
           008092
           007004
           011003
           011004
           008092
           033066
           020081
           020012
           020056
           360002
           362231
           008023
 362131 73 001033
           001034
           025061
           025062
           001007
           002153
           001012
           201138
           002026
           002027
           201000
           002028
           002029
           002161
           002164
           002023
           008012
           008013
           001124
           005001
           006001
           004001
           004002
           004003
           004004
           004005
           004006
           004086
           002162
           007004
           011001
           011002
           011003
           011004
           012001
           020014
           007024
           001023
           360002
           362193
           360002
           362196
           360002
           362197
           001033
           008021
           007004
           011095
           011096
           008021
           007004
           011095
           011096
           008021
           008086
           007004
           011095
           011096
           008086
           101004
           362232
           008092
           007004
           011003
           011004
           008092
           033066
           020081
           020012
           020056
           360002
           362231
           008023
 362127 73 001033
           001034
           025061
           025062
           001007
           002153
           001012
           201138
           002026
           002027
           201000
           002028
           002029
           002161
           002164
           002023
           008012
           008013
           001124
           005001
           006001
           004001
           004002
           004003
           004004
           004005
           004006
           004086
           002162
           007004
           011001
           011002
           011003
           011004
           012001
           020014
           007024
           001023
           360002
           362193
           360002
           362196
           360002
           362197
           001033
           008021
           007004
           011095
           011096
           008021
           007004
           011095
           011096
           008021
           008086
           007004
           011095
           011096
           008086
           101004
           362232
           008092
           007004
           011003
           011004
           008092
           033066
           020081
           020012
           020056
           360002
           362231
           008023
 362128 73 001033
           001034
           025061
           025062
           001007
           002153
           001012
           201138
           002026
           002027
           201000
           002028
           002029
           002161
           002164
           002023
           008012
           008013
           001124
           005001
           006001
           004001
           004002
           004003
           004004
           004005
           004006
           004086
           002162
           007004
           011001
           011002
           011003
           011004
           012001
           020014
           007024
           001023
           360002
           362193
           360002
           362196
           360002
           362197
           001033
           008021
           007004
           011095
           011096
           008021
           007004
           011095
           011096
           008021
           008086
           007004
           011095
           011096
           008086
           101004
           362232
           008092
           007004
           011003
           011004
           008092
           033066
           020081
           020012
           020056
           360002
           362231
           008023
 362129 73 001033
           001034
           025061
           025062
           001007
           002153
           001012
           201138
           002026
           002027
           201000
           002028
           002029
           002161
           002164
           002023
           008012
           008013
           001124
           005001
           006001
           004001
           004002
           004003
           004004
           004005
           004006
           004086
           002162
           007004
           011001
           011002
           011003
           011004
           012001
           020014
           007024
           001023
           360002
           362193
           360002
           362196
           360002
           362197
           001033
           008021
           007004
           011095
           011096
           008021
           007004
           011095
           011096
           008021
           008086
           007004
           011095
           011096
           008086
           101004
           362232
           008092
           007004
           011003
           011004
           008092
           033066
           020081
           020012
           020056
           360002
           362231
           008023
 362130 73 001033
           001034
           025061
           025062
           001007
           002153
           001012
           201138
           002026
           002027
           201000
           002028
           002029
           002161
           002164
           002023
           008012
           008013
           001124
           005001
           006001
           004001
           004002
           004003
           004004
           004005
           004006
           004086
           002162
           007004
           011001
           011002
           011003
           011004
           012001
           020014
           007024
           001023
           360002
           362193
           360002
           362196
           360002
           362197
           001033
           008021
           007004
           011095
           011096
           008021
           007004
           011095
           011096
           008021
           008086
           007004
           011095
           011096
           008086
           101004
           362232
           008092
           007004
           011003
           011004
           008092
           033066
           020081
           020012
           020056
           360002
           362231
           008023
 363254 39 352003
           001198
           033215
           001007
           001033
           002020
           007024
           002028
           002029
           004001
           004002
           004003
           004004
           004005
           004006
           004024
           005002
           006002
           002152
           002023
           002153
           002154
           012071
           002164
           008012
           002057
           033216
           002163
           007004
           011001
           101004
           362066
           011002
           101004
           362066
           101004
           362064
           101010
           362082
 363255 39 352003
           001198
           033215
           001007
           001033
           002020
           007024
           002028
           002029
           004001
           004002
           004003
           004004
           004005
           004006
           004024
           005002
           006002
           002152
           002023
           002153
           002154
           012071
           002164
           008012
           002057
           033216
           002163
           007004
           011001
           101004
           362066
           011002
           101004
           362066
           101004
           362064
           101010
           362082
 362233 15 310014
           101103
           362155
           001031
           001032
           101010
           362156
           001031
           001032
           101010
           362156
           001031
           001032
           101010
           362156
 363190 39 352003
           001198
           033215
           001007
           001033
           002020
           007024
           002028
           002029
           004001
           004002
           004003
           004004
           004005
           004006
           004024
           005002
           006002
           002152
           002023
           002153
           002154
           012071
           002164
           008012
           002057
           033216
           002163
           007004
           011001
           101004
           362066
           011002
           101004
           362066
           101004
           362064
           101010
           362082
 363184 73 001033
           001034
           025061
           025062
           001007
           002153
           001012
           201138
           002026
           002027
           201000
           002028
           002029
           002161
           002164
           002023
           008012
           008013
           001124
           005001
           006001
           004001
           004002
           004003
           004004
           004005
           004006
           004086
           002162
           007004
           011001
           011002
           011003
           011004
           012001
           020014
           007024
           001023
           360002
           362193
           360002
           362196
           360002
           362197
           001033
           008021
           007004
           011095
           011096
           008021
           007004
           011095
           011096
           008021
           008086
           007004
           011095
           011096
           008086
           101004
           362232
           008092
           007004
           011003
           011004
           008092
           033066
           020081
           020012
           020056
           360002
           362231
           008023
 363189 39 352003
           001198
           033215
           001007
           001033
           002020
           007024
           002028
           002029
           004001
           004002
           004003
           004004
           004005
           004006
           004024
           005002
           006002
           002152
           002023
           002153
           002154
           012071
           002164
           008012
           002057
           033216
           002163
           007004
           011001
           101004
           362066
           011002
           101004
           362066
           101004
           362064
           101010
           362082
 363180 73 001033
           001034
           025061
           025062
           001007
           002153
           001012
           201138
           002026
           002027
           201000
           002028
           002029
           002161
           002164
           002023
           008012
           008013
           001124
           005001
           006001
           004001
           004002
           004003
           004004
           004005
           004006
           004086
           002162
           007004
           011001
           011002
           011003
           011004
           012001
           020014
           007024
           001023
           360002
           362193
           360002
           362196
           360002
           362197
           001033
           008021
           007004
           011095
           011096
           008021
           007004
           011095
           011096
           008021
           008086
           007004
           011095
           011096
           008086
           101004
           362232
           008092
           007004
           011003
           011004
           008092
           033066
           020081
           020012
           020056
           360002
           362231
           008023
 363018 16 002023
           004001
           004002
           004003
           004004
           004005
           004006
           005001
           006001
           011002
           011001
           007004
           001044
           001033
           033007
           001007
 301013 03 004004
           004005
           004006
 303041 08 002152
           002023
           007004
           011001
           011002
           002153
           002154
           012071
 304011 16 002163
           002164
           008012
           007024
           002057
           008021
           004001
           004002
           004003
           004004
           008021
           004024
           101004
           362153
           101010
           362154
 310014 03 301072
           303041
           304011
 301071 05 001007
           001031
           002020
           002028
           002029
 301072 04 301071
           301011
           301013
           301021
 362153 10 008021
           004004
           004005
           004006
           008021
           004004
           004005
           004006
           011001
           011002
 362154 03 002163
           007004
           012001
 362155 01 031031
 362156 01 033007
 362082 03 002163
           007004
           012001
 361221 20 004001
           004002
           004003
           004004
           004005
           004006
           005002
           006002
           001007
           002019
           005043
           008012
           007024
           007025
           010001
           202127
           007002
           202000
           101020
           361182
 361222 20 004001
           004002
           004003
           004004
           004005
           004006
           005002
           006002
           001007
           002019
           005043
           008012
           007024
           007025
           010001
           202127
           007002
           202000
           101004
           361182
 361223 24 004001
           004002
           004003
           004004
           004005
           004006
           207002
           005002
           006002
           207000
           001007
           002019
           005043
           008012
           007024
           007025
           010001
           202127
           007002
           202000
           005022
           005021
           101015
           361171
 361225 24 004001
           004002
           004003
           004004
           004005
           004006
           207002
           005002
           006002
           207000
           001007
           002019
           005043
           008012
           007024
           007025
           010001
           202127
           007002
           202000
           005022
           005021
           101020
           361182
 361234 24 004001
           004002
           004003
           004004
           004005
           004006
           207002
           005002
           006002
           207000
           001007
           002019
           005043
           008012
           007024
           007025
           010001
           202127
           007002
           202000
           005022
           005021
           101005
           361171
 361245 24 004001
           004002
           004003
           004004
           004005
           004006
           207002
           005002
           006002
           207000
           001007
           002019
           005043
           008012
           007024
           007025
           010001
           202127
           007002
           202000
           005022
           005021
           101020
           361182
 361244 20 001007
           001031
           002020
           002028
           002029
           030021
           030022
           004001
           004002
           004003
           004004
           004005
           004006
           005002
           006002
           007024
           007025
           008012
           101006
           361191
 310200 24 301072
           030021
           030022
           007024
           005021
           007025
           005022
           010002
           304036
           002152
           002167
           101010
           304037
           101174
           362083
           001031
           001032
           101060
           362084
           001031
           001032
           008023
           101060
           362070
 310199 59 301072
           030021
           030022
           008012
           007024
           005021
           007025
           005022
           010002
           101010
           304032
           002152
           002024
           007004
           007004
           013003
           002152
           002024
           007004
           007004
           013003
           101010
           304033
           101161
           362083
           001031
           001032
           101030
           362084
           001031
           001032
           008033
           101030
           362084
           001031
           001032
           008033
           101030
           362084
           001031
           001032
           008033
           101030
           362084
           001031
           001032
           008033
           101030
           362084
           001031
           001032
           008023
           101010
           360237
           001031
           001032
           008023
           101010
           360237
 361246 21 004001
           004002
           004003
           004004
           004005
           202129
           201132
           004006
           201000
           202000
           005001
           006001
           001007
           201129
           005043
           201000
           007024
           007025
           020199
           101005
           350212
 361247 21 004001
           004002
           004003
           004004
           004005
           202129
           201132
           004006
           201000
           202000
           005001
           006001
           001007
           201129
           005043
           201000
           007024
           007025
           020199
           101005
           350212
 361248 21 004001
           004002
           004003
           004004
           004005
           202129
           201132
           004006
           201000
           202000
           005001
           006001
           001007
           201129
           005043
           201000
           007024
           007025
           020199
           101005
           350212
 361249 21 004001
           004002
           004003
           004004
           004005
           202129
           201132
           004006
           201000
           202000
           005001
           006001
           001007
           201129
           005043
           201000
           007024
           007025
           020199
           101005
           350212
 361227 24 004001
           004002
           004003
           004004
           004005
           004006
           207002
           005002
           006002
           207000
           001007
           002019
           005043
           008012
           007024
           007025
           010001
           202127
           007002
           202000
           005022
           005021
           101015
           361171
 350242 01 310025
 310060 43 001007
           001033
           002019
           002020
           301011
           301012
           207003
           004006
           207000
           304030
           301021
           007024
           005021
           007025
           005022
           008075
           201133
           005041
           201000
           005045
           005043
           005040
           010001
           201129
           007002
           201000
           202127
           201125
           021166
           201000
           202000
           008012
           020010
           020014
           002165
           033075
           101003
           350200
           008076
           033078
           033003
           360001
           350201
 310061 27 001007
           001033
           001034
           002019
           002020
           301011
           301012
           207003
           004006
           207000
           005040
           005041
           005043
           033079
           033080
           033078
           301021
           201129
           007002
           201000
           007024
           005021
           007025
           005022
           025075
           360001
           350206
 310196 51 001007
           001033
           002019
           002020
           301011
           301012
           207003
           004006
           207000
           304030
           301021
           007024
           005021
           007025
           005022
           008075
           201133
           005041
           201000
           005045
           005043
           005040
           010001
           201129
           007002
           201000
           202127
           201125
           021166
           201000
           202000
           008012
           020010
           020014
           002165
           033075
           101003
           350200
           008076
           033078
           033003
           360001
           350216
           002141
           008076
           360002
           350220
           008076
           002019
           101007
           340193
 310198 51 001007
           001033
           002019
           002020
           301011
           301012
           207003
           004006
           207000
           304030
           301021
           007024
           005021
           007025
           005022
           008075
           201133
           005041
           201000
           005045
           005043
           005040
           010001
           201129
           007002
           201000
           202127
           201125
           021166
           201000
           202000
           008012
           020010
           020014
           002165
           033075
           101003
           350200
           008076
           033078
           033003
           360001
           350216
           002141
           008076
           360002
           350220
           008076
           002019
           101007
           340193
 361207 45 001007
           001031
           002019
           002020
           004001
           004002
           004003
           004004
           004005
           202131
           201138
           004006
           201000
           202000
           005001
           006001
           007024
           005021
           007025
           005022
           005043
           005040
           201133
           005041
           201000
           201132
           025070
           201000
           202126
           007001
           202000
           033060
           033061
           033062
           033063
           033064
           033065
           101010
           340002
           360001
           361137
           002019
           025051
           101007
           340004
 310197 50 035200
           035201
           008070
           001033
           001034
           008070
           001033
           001034
           001007
           002019
           005040
           025075
           201133
           005041
           201000
           005043
           025070
           050210
           050211
           004001
           004002
           004003
           004004
           004005
           202131
           201138
           004006
           201000
           202000
           005001
           006001
           202126
           007001
           202000
           007024
           005021
           007025
           005022
           025081
           050213
           002151
           012064
           002151
           012064
           002151
           012064
           002151
           012064
           101006
           362072
 340192 17 001007
           002019
           001033
           001034
           101013
           362075
           005041
           301011
           301012
           207003
           004006
           207000
           201129
           007002
           201000
           360001
           362076
 350239 26 001007
           001033
           001034
           002019
           002020
           301011
           301012
           207003
           004006
           207000
           005040
           201133
           005041
           005043
           201000
           301021
           005022
           007022
           025081
           025082
           033032
           208006
           002141
           208000
           360002
           310193
 350243 01 310050
 350250 01 310050
 350251 01 310009
 350252 01 310010
 350253 01 310055
 350254 06 310051
           310052
           101012
           361193
           101004
           361194
 361233 01 310050
 304030 03 027031
           028031
           010031
 304032 05 002153
           002154
           020081
           020082
           020012
 304033 08 002152
           002166
           002167
           002153
           002154
           012075
           012076
           012063
 304036 12 020082
           008012
           020082
           008012
           020081
           008003
           020081
           008003
           020081
           008003
           020081
           008003
 304037 14 002153
           002154
           012063
           008011
           012063
           008011
           012063
           008011
           008003
           012063
           008003
           012063
           008003
           012063
 310009 03 310011
           101015
           310012
 310010 03 310011
           101005
           310012
 310011 45 008070
           001033
           001034
           008070
           001033
           001034
           001007
           002048
           005040
           025075
           201133
           005041
           201000
           005043
           025070
           033030
           033031
           004001
           004002
           004003
           004004
           004005
           202131
           201138
           004006
           201000
           202000
           005001
           006001
           202126
           007001
           202000
           007024
           005021
           007025
           005022
           033033
           002151
           012064
           002151
           012064
           002151
           012064
           002151
           012064
 310012 10 002150
           025076
           025077
           025078
           033032
           201132
           202129
           012063
           202000
           201000
 310025 41 001007
           008021
           004001
           004002
           004003
           004004
           004005
           201138
           202131
           004006
           202000
           201000
           201132
           005041
           201000
           201129
           005043
           201000
           005002
           006002
           013040
           020029
           101024
           361135
           101003
           361118
           008021
           004001
           004002
           004003
           004004
           004005
           005040
           101003
           362087
           025054
           101004
           362088
           008007
           101028
           361119
 310050 13 310051
           310052
           360001
           310053
           101004
           310054
           020010
           350202
           101015
           350203
           350204
           101005
           350205
 310051 15 001007
           005040
           201133
           005041
           201000
           201132
           025070
           201000
           202126
           007001
           202000
           007025
           005022
           101009
           350207
 310052 16 002019
           004001
           004002
           004003
           004004
           004005
           202131
           201138
           004006
           201000
           202000
           005001
           006001
           007024
           005021
           005043
 310053 06 201134
           005042
           201000
           025076
           033032
           012163
 310054 14 201134
           005042
           201000
           025076
           033032
           201131
           202129
           008023
           014027
           008023
           014027
           008023
           202000
           201000
 310055 06 310051
           310052
           101020
           350209
           360001
           350208
 310193 05 002153
           021166
           033083
           002104
           012163
 340002 03 025140
           025141
           025142
 340004 05 005060
           005061
           025085
           101006
           361139
 340193 05 005060
           005061
           025085
           101016
           340194
 340194 05 005042
           008023
           014043
           008023
           014043
 350200 07 008076
           006029
           006029
           025140
           025141
           033076
           033077
 350201 04 201133
           005042
           201000
           014044
 350216 04 201134
           005042
           201000
           014044
 350220 04 201134
           005042
           201000
           014044
 350202 16 002019
           004001
           004002
           004003
           004004
           004005
           202131
           201138
           004006
           201000
           202000
           005001
           006001
           007024
           005021
           005043
 350203 06 201134
           005042
           201000
           025076
           033032
           012163
 350205 06 201134
           005042
           201000
           025076
           033032
           012163
 350206 11 005042
           202131
           002153
           002154
           202000
           002104
           012066
           012163
           012158
           012159
           033081
 350207 02 002151
           012064
 350208 01 025050
 350209 02 025076
           025052
 350212 03 002150
           014027
           012163
 360237 03 012075
           012076
           012065
 361118 15 004001
           004002
           004003
           201142
           202131
           004026
           202000
           201000
           005001
           006001
           201138
           202129
           007001
           202000
           201000
 361119 04 005002
           006002
           002111
           005021
 361135 04 005042
           012163
           021083
           021084
 361137 04 201136
           005042
           201000
           014046
 361139 05 005042
           025142
           014047
           025142
           014048
 361171 03 005042
           012163
           012206
 361182 02 005042
           012163
 361191 19 002152
           002166
           002167
           002153
           002154
           012075
           012076
           201132
           202129
           012063
           202000
           201000
           020081
           020082
           020012
           202129
           012065
           202000
           033007
 361193 06 201134
           005042
           201000
           025076
           033032
           012163
 361194 06 310052
           201129
           005043
           201000
           101002
           361193
 362070 01 012065
 362072 13 002150
           025076
           025077
           025078
           050214
           050215
           008065
           013040
           201132
           202129
           012063
           202000
           201000
 362075 04 005042
           002153
           002154
           002104
 362076 06 301021
           005043
           101002
           362078
           101013
           362077
 362077 04 005042
           033254
           012163
           033083
 362078 05 007024
           005021
           007025
           005022
           007192
 362083 01 031031
 362084 01 033007
 362087 01 012070
